15.0 1.57 1754
75.0 5.97 571
-15.0 2.51 1835
45.0 4.82 1507
-135.0 2.09 1819
-75.0 5.45 1815
-105.0 4.29 1867
15.0 2.62 1760
-105.0 5.34 1805
-135.0 3.14 1801
45.0 3.77 1566
-45.0 0.31 1935
15.0 0.52 1686
75.0 3.87 524
-15.0 1.47 1845
75.0 4.92 498
105.0 2.93 52
-75.0 4.4 1844
-135.0 4.19 1839
105.0 6.07 60
105.0 3.98 43
-105.0 3.25 1767
-15.0 0.42 1737
-135.0 5.24 1776
45.0 5.86 1531
-45.0 1.36 1758
-75.0 3.35 1741
-45.0 2.41 1849
75.0 1.78 495
75.0 2.83 538
-15.0 5.65 1815
-105.0 1.15 1806
105.0 5.03 56
-45.0 4.5 1749
135.0 6.18 2
-75.0 2.3 1952
105.0 1.88 80
-105.0 2.2 1793
-45.0 3.46 1818
15.0 5.76 1857
-75.0 1.26 1730
45.0 0.63 1555
-135.0 6.28 1621
45.0 1.68 1469
75.0 0.73 530
15.0 3.67 1703
105.0 0.84 50
-135.0 1.05 1766
-15.0 3.56 1729
45.0 2.72 1465
-75.0 0.21 1709
-105.0 0.1 1742
-15.0 4.61 1836
-45.0 5.55 1770
15.0 4.71 1757
